IR Codes Pioneer VSX s500
More about the protocol: http://www.adrian-kingston.com/IRFormatPioneer.htm

Volume Up   -   A55A50AF
Volume Down -   A55AD02F
Mute        -   A55A48B7
Mute On     -   A55A8A75
Mute Off    -   A55A4AB5
On/Off      -   A55A38C7
Power On    -   A55A58A7
Power Off   -   A55AD827
Eco         -   A55A9A65
D AUX       -   A55A7A85
A AUX       -   A55AF20D
iPod/USB    -   A55A7986
Network     -   A55A3AC5
Adapter     -   A55A3AC5
Tuner       -   A55AE21D
BD          -   A55A3AC5
DVD         -   A55AA15E
CD          -   A55A32CD
STB         -   A55A3AC5
Game        -   A55A3AC5
Auto/Direct -   A55A59A6
Alc/Standard-   A55A7A85
Adv Surr    -   A55AF906
Sound wing  -   A55AEA15
Receiver    -   N/A
TV          -   A55A30CF
Portable    -   A55A7986
Sleep       -   A55A12ED
SP-AB       -   A55A6A95
Dimmer      -   A55A6A95
Status      -   A55AD926
Top menu    -   A55A5AA5
Menu/tools  -   A55A39C6
Up          -   A55A01FE
Down        -   A55A817E
Left        -   A55AC13E
Right       -   A55A41BE
Enter       -   A55A21DE
Home Menu   -   A55AD926
Return      -   A55ABA45
Preset-     -   25DA8877
Preset+     -   25DA08F7
Tune-       -   25DAEA15
Tune+       -   25DAEA15


Power ON/OFF - A51C
9000,4500,550,1675,550,550,550,1675,550,550,550,550,550,1675,550,550,550,1675,550,550,550,1675,550,550,550,1675,550,1675,550,550,550,1675,550,550,550,550,550,550,550,1675,550,1675,550,1675,550,550,550,550,550,550,550,1675,550,1675,550,550,550,550,550,550,550,1675,550,1675,550,1675,550,24725

Power ON - A51A
9000,4500,550,1675,550,550,550,1675,550,550,550,550,550,1675,550,550,550,1675,550,550,550,1675,550,550,550,1675,550,1675,550,550,550,1675,550,550,550,550,550,1675,550,550,550,1675,550,1675,550,550,550,550,550,550,550,1675,550,550,550,1675,550,550,550,550,550,1675,550,1675,550,1675,550,24725

Power OFF - A51B
9000,4500,550,1675,550,550,550,1675,550,550,550,550,550,1675,550,550,550,1675,550,550,550,1675,550,550,550,1675,550,1675,550,550,550,1675,550,550,550,1675,550,1675,550,550,550,1675,550,1675,550,550,550,550,550,550,550,550,550,550,550,1675,550,550,550,550,550,1675,550,1675,550,1675,550,24725

Mute ON/OFF - A512
9000,4500,550,1675,550,550,550,1675,550,550,550,550,550,1675,550,550,550,1675,550,550,550,1675,550,550,550,1675,550,1675,550,550,550,1675,550,550,550,550,550,1675,550,550,550,550,550,1675,550,550,550,550,550,550,550,1675,550,550,550,1675,550,1675,550,550,550,1675,550,1675,550,1675,550,24725

Mute ON - A551
9000,4500,550,1675,550,550,550,1675,550,550,550,550,550,1675,550,550,550,1675,550,550,550,1675,550,550,550,1675,550,1675,550,550,550,1675,550,550,550,1675,550,550,550,550,550,550,550,1675,550,550,550,1675,550,550,550,550,550,1675,550,1675,550,1675,550,550,550,1675,550,550,550,1675,550,24725

Mute OFF - A552
9000,4500,550,1675,550,550,550,1675,550,550,550,550,550,1675,550,550,550,1675,550,550,550,1675,550,550,550,1675,550,1675,550,550,550,1675,550,550,550,550,550,1675,550,550,550,550,550,1675,550,550,550,1675,550,550,550,1675,550,550,550,1675,550,1675,550,550,550,1675,550,550,550,1675,550,24725

Volume Up - A50A
9000,4500,550,1675,550,550,550,1675,550,550,550,550,550,1675,550,550,550,1675,550,550,550,1675,550,550,550,1675,550,1675,550,550,550,1675,550,550,550,550,550,1675,550,550,550,1675,550,550,550,550,550,550,550,550,550,1675,550,550,550,1675,550,550,550,1675,550,1675,550,1675,550,1675,550,24725

Volume Down - A50B
9000,4500,550,1675,550,550,550,1675,550,550,550,550,550,1675,550,550,550,1675,550,550,550,1675,550,550,550,1675,550,1675,550,550,550,1675,550,550,550,1675,550,1675,550,550,550,1675,550,550,550,550,550,550,550,550,550,550,550,550,550,1675,550,550,550,1675,550,1675,550,1675,550,1675,550,24725

